1) 117862
2) 111873
3) 115062
4) 113281
5) 107772
6) 105546
7) 105516
8) 106310
9) 105553
10) 105686
11) 106602
12) 106951
13) 105809
14) 118191
15) 119164
16) 108672
17) 108720
18) 113100
19) 112663
20) 127118
21) 119931
22) 113318
23) 102148
24) 100063
25) 100649
26) 100726
27) 99596
28) 99922
29) 101664
30) 105402
31) 107700
32) 100611
33) 98447
34) 98956
35) 101548
36) 99351
37) 98294
38) 100373
39) 99842
40) 100731
41) 101386
42) 98315
43) 98064
44) 101577
45) 102211
46) 105108
47) 102640
48) 100135
49) 99710
50) 98888


Media: 105575