1) 242829
2) 257312
3) 265118
4) 268179
5) 263672
6) 254505
7) 257451
8) 262544
9) 264791
10) 259397
11) 265677
12) 259136
13) 257806
14) 253259
15) 272522
16) 255070
17) 231450
18) 232954
19) 253340
20) 235227
21) 234987
22) 238826
23) 237534
24) 263630
25) 237944
26) 242069
27) 261297
28) 257348
29) 242230
30) 247671
31) 4902590
32) 276216
33) 252188
34) 247671
35) 273407
36) 273741
37) 241358
38) 239896
39) 224258
40) 289832
41) 373085
42) 253999
43) 304584
44) 254754
45) 261234
46) 255364
47) 242260
48) 244145
49) 233038
50) 279133


Media: 349970