1) 26400
2) 26217
3) 26069
4) 24461
5) 24918
6) 26700
7) 32601
8) 38113
9) 33572
10) 28216
11) 28243
12) 47005
13) 30178
14) 30660
15) 31225
16) 29270
17) 27456
18) 29496
19) 31673
20) 25250
21) 32505
22) 30882
23) 29857
24) 32733
25) 32607
26) 32806
27) 29905
28) 26600
29) 26346
30) 26479
31) 31208
32) 28239
33) 29322
34) 28809
35) 34610
36) 32834
37) 27063
38) 33667
39) 31872
40) 32211
41) 31506
42) 30721
43) 29891
44) 28300
45) 29081
46) 27584
47) 27415
48) 27348
49) 26657
50) 26526


Media: 29866