1) 197835
2) 197628
3) 197880
4) 198033
5) 197527
6) 197839
7) 197736
8) 197929
9) 197864
10) 199832
11) 197610
12) 197762
13) 197793
14) 197541
15) 197324
16) 197493
17) 197783
18) 197830
19) 198169
20) 197837
21) 197766
22) 197489
23) 197692
24) 198606
25) 197896
26) 197773
27) 198218
28) 198054
29) 197519
30) 198026
31) 198032
32) 197839
33) 197729
34) 197992
35) 197951
36) 198287
37) 197868
38) 197771
39) 197750
40) 198223
41) 197900
42) 197776
43) 197922
44) 197836
45) 198348
46) 198064
47) 198129
48) 198159
49) 197805
50) 197795


Media: 197909