1) 21886
2) 21953
3) 21905
4) 21875
5) 21956
6) 21930
7) 26322
8) 21863
9) 21762
10) 21779
11) 21909
12) 21776
13) 21930
14) 21998
15) 21827
16) 21746
17) 22006
18) 21835
19) 21961
20) 21894
21) 21834
22) 21935
23) 22058
24) 21629
25) 21784
26) 21808
27) 21702
28) 21829
29) 21962
30) 21863
31) 21841
32) 21809
33) 21742
34) 21859
35) 21893
36) 21736
37) 21621
38) 21913
39) 21770
40) 21664
41) 21889
42) 21888
43) 21692
44) 21796
45) 21759
46) 21687
47) 21738
48) 21768
49) 21586
50) 21725


Media: 21917