1) 87791
2) 87888
3) 88049
4) 87907
5) 88582
6) 88070
7) 88499
8) 90641
9) 88131
10) 87927
11) 87834
12) 88316
13) 87983
14) 87960
15) 88162
16) 88140
17) 87944
18) 88178
19) 88030
20) 87929
21) 88292
22) 88128
23) 88302
24) 88206
25) 88036
26) 88338
27) 88079
28) 88110
29) 88031
30) 88182
31) 88135
32) 88009
33) 88001
34) 87733
35) 88682
36) 88188
37) 87957
38) 88046
39) 88139
40) 88259
41) 87889
42) 88014
43) 88161
44) 88336
45) 88387
46) 87968
47) 87826
48) 87897
49) 87803
50) 87994


Media: 88141